0	1	1	0	0	0	0	0	1	1	1	1	1	
1	1	0	1	0	1	1	1	1	1	1	0	1	
2	0	0	1	0	1	0	0	0	0	1	0	1	
3	0	0	0	1	1	1	1	0	1	0	1	1	
4	1	1	1	1	1	1	0	0	1	1	0	0	
5	0	1	0	1	1	0	0	0	1	0	1	0	
6	1	1	1	1	0	1	1	0	1	0	1	1	
7	1	0	1	0	1	0	0	0	1	1	1	1	
8	0	0	1	1	1	1	1	1	1	0	1	1	
9	1	1	1	1	0	0	1	0	0	1	0	0	
10	1	0	1	1	1	0	1	1	1	1	1	1	
11	0	0	0	1	0	0	0	1	1	1	1	1	
12	0	0	0	1	1	1	0	0	1	0	1	1	
13	1	1	1	0	0	1	1	0	1	0	1	1	
14	1	1	0	1	1	0	0	1	0	0	0	0	
15	0	1	0	1	1	0	0	0	1	0	1	0	
16	1	0	1	1	1	0	1	1	0	0	1	0	
17	1	0	1	0	1	0	1	1	1	1	1	1	
18	0	1	1	0	1	0	0	1	0	0	1	0	
19	1	1	1	1	1	0	0	0	1	0	1	1	
20	0	0	0	1	0	1	0	0	1	0	1	1	
21	0	1	0	1	1	0	1	0	1	1	1	0	
22	1	1	0	0	0	0	1	0	0	0	1	0	
23	0	0	0	0	0	0	0	0	1	0	0	0	
24	0	0	1	1	0	0	1	0	1	1	0	0	
25	0	1	1	0	0	0	1	0	1	0	0	1	
26	0	0	1	0	1	0	0	1	0	0	0	1	
27	0	0	1	0	0	1	0	1	0	1	1	0	
28	1	1	1	0	0	0	1	1	0	1	0	0	
29	0	1	1	0	1	0	0	1	0	1	0	0	
30	1	1	0	0	0	1	1	1	1	1	0	1	
31	0	1	1	1	0	0	0	0	0	1	0	0	
32	0	0	1	1	0	1	0	1	0	0	0	0	
33	1	0	0	1	0	1	1	0	0	0	1	0	
34	0	0	0	0	1	0	0	1	0	0	0	0	
35	0	0	0	0	0	1	0	1	1	1	1	0	
36	0	0	0	0	0	0	1	1	0	1	1	0	
37	0	0	0	1	1	0	1	1	0	0	0	1	
38	0	0	1	1	1	1	0	0	0	1	1	1	
39	0	0	0	1	1	1	1	0	1	0	1	1	
40	1	0	0	1	0	0	0	1	1	0	1	1	
41	0	0	0	0	1	0	1	1	1	0	1	0	
42	1	1	0	0	0	0	1	0	1	1	0	1	
43	1	1	0	1	0	1	0	1	0	1	0	1	
44	0	0	0	0	1	0	0	1	1	1	1	0	
45	1	0	1	0	1	1	0	0	1	0	1	1	
46	1	0	1	1	1	0	1	0	1	1	0	1	
47	0	1	0	1	0	1	0	0	0	0	1	1	
48	1	0	0	0	0	1	1	0	1	0	1	0	
49	0	1	1	1	0	0	1	1	0	1	0	1	
50	1	0	0	1	0	1	0	0	0	1	1	0	
51	0	0	1	0	1	1	1	1	0	0	1	1	
52	0	1	1	1	0	0	0	1	0	1	0	0	
53	1	0	0	1	0	0	1	0	0	0	0	0	
54	0	1	0	0	0	0	1	1	1	1	1	0	
55	0	0	0	1	0	0	1	1	1	1	0	1	
56	0	0	1	1	1	0	1	1	1	1	0	1	
57	0	0	0	1	0	0	1	1	0	0	0	1	
58	1	0	1	1	1	0	0	0	0	0	0	0	
59	0	1	1	0	1	1	0	0	0	1	1	0	
60	1	1	1	0	0	0	0	0	1	1	1	1	
61	1	1	0	0	1	1	1	0	0	1	0	1	
62	1	1	0	1	0	0	0	0	0	1	1	1	
63	0	0	0	1	1	0	1	0	0	0	0	1	
64	0	1	1	0	0	1	1	0	1	1	0	1	
65	1	1	0	1	0	0	1	1	0	0	0	0	
66	0	0	0	0	0	1	1	1	1	1	1	0	
67	0	1	0	1	0	0	1	0	1	1	0	0	
68	1	0	0	0	0	1	0	1	0	0	1	1	
69	0	1	1	1	0	1	0	1	1	0	1	0	
70	0	0	1	1	0	0	0	0	1	1	0	0	
71	0	1	0	0	1	0	0	0	1	0	0	0	
72	1	1	0	1	1	0	0	1	0	1	1	1	
73	1	0	1	1	0	1	0	1	1	0	1	1	
74	0	1	0	1	1	0	0	0	1	0	1	0	
75	1	0	0	1	0	1	0	0	0	0	0	0	
76	0	0	0	0	1	0	0	0	1	1	1	0	
77	0	1	1	1	1	1	0	1	1	0	0	0	
78	1	1	0	1	0	0	0	1	1	1	1	1	
79	0	1	1	1	0	0	1	0	0	0	0	1	
80	1	0	1	1	1	0	0	1	1	0	1	1	
81	0	0	1	1	0	1	0	1	1	0	0	0	
82	0	0	1	1	1	1	0	1	0	0	1	1	
83	1	1	1	0	0	0	0	1	1	0	0	0	
84	0	0	1	0	1	1	0	0	1	0	1	1	
85	0	0	1	1	0	0	1	1	0	0	1	0	
86	1	0	0	1	0	1	1	0	1	1	0	0	
87	1	0	0	0	1	0	0	1	1	0	0	1	
88	0	1	0	0	1	0	0	1	1	0	1	0	
89	0	0	0	1	0	0	0	1	0	0	0	1	
90	0	0	0	0	1	1	1	0	0	0	1	0	
91	1	0	1	1	0	1	0	0	0	0	1	0	
92	1	1	0	1	0	0	1	0	0	0	0	0	
93	1	1	1	1	1	1	1	0	1	1	1	1	
94	1	0	0	0	0	1	0	0	0	0	0	0	
95	1	1	0	0	0	1	1	0	0	1	0	1	
96	0	1	0	1	0	1	1	0	0	0	1	1	
97	1	1	1	1	0	0	0	1	0	1	0	0	
98	1	0	0	0	1	0	0	0	1	0	0	0	
99	1	1	1	1	0	0	0	1	0	0	0	0	
100	1	1	1	1	1	1	1	0	1	0	1	1	
101	1	1	1	0	0	1	0	1	1	0	1	1	
102	1	0	1	1	0	0	0	0	0	1	0	0	
103	1	0	1	0	0	1	1	1	1	0	0	1	
104	0	1	1	0	0	1	1	1	1	1	1	1	
105	1	0	0	1	1	1	0	0	1	0	0	0	
106	0	1	0	1	1	0	0	0	1	1	0	0	
107	0	1	0	0	1	0	1	0	0	0	0	0	
108	0	0	0	1	0	1	1	1	1	1	1	1	
109	1	1	0	1	1	0	0	0	0	1	0	1	
110	1	1	1	0	1	0	0	1	0	0	1	1	
111	0	0	0	1	1	1	1	1	1	0	1	1	
112	0	1	1	0	0	0	0	1	1	0	0	0	
113	0	0	1	1	1	0	1	1	0	0	1	1	
114	0	1	1	0	0	1	0	1	1	0	1	0	
115	0	1	1	1	1	0	0	0	0	0	1	0	
116	1	0	1	0	0	1	0	1	1	1	0	1	
117	0	1	0	0	1	0	1	0	1	0	1	0	
118	1	0	0	1	1	0	1	0	1	0	1	0	
119	1	0	0	1	0	1	1	1	1	1	1	1	
120	1	1	0	0	0	1	0	0	0	1	1	1	
121	0	0	1	1	0	0	1	0	1	0	1	0	
122	1	0	0	0	1	1	1	1	0	1	0	1	
123	0	1	1	1	1	1	0	0	1	0	0	0	
124	1	1	1	1	0	1	1	1	1	0	0	0	
125	0	0	0	1	1	0	1	1	1	1	1	1	
126	0	1	0	0	1	0	1	0	1	0	0	0	
127	1	0	1	1	0	0	0	0	0	1	1	0	
128	0	0	0	0	1	0	1	1	0	0	1	0	
129	0	1	1	1	1	0	1	0	0	1	0	1	
130	0	0	1	1	1	0	1	1	1	1	0	1	
131	1	0	0	1	0	1	0	1	1	1	0	1	
132	0	1	1	0	0	0	1	0	0	1	1	1	
133	0	0	0	1	1	0	0	1	0	1	0	1	
134	0	1	0	0	1	0	0	1	0	0	0	0	
135	1	1	0	1	1	0	0	1	0	0	1	0	
136	1	0	1	0	1	1	1	0	1	1	1	1	
137	0	0	1	1	0	0	1	0	1	0	0	0	
138	0	1	0	0	0	0	0	1	1	0	0	0	
139	1	0	0	0	1	1	0	1	0	0	1	1	
140	1	0	0	0	1	1	1	0	0	1	0	0	
141	0	0	0	1	0	0	1	1	1	1	1	1	
142	1	1	0	0	1	0	1	1	0	0	1	0	
143	1	0	1	1	0	1	1	0	0	1	0	0	
144	0	0	0	1	0	1	0	1	0	0	0	1	
145	1	0	0	0	1	1	1	0	1	0	1	0	
146	1	1	1	1	0	0	1	1	0	0	1	1	
147	0	1	0	0	1	0	0	0	0	0	0	0	
148	1	1	1	1	0	0	0	1	0	1	0	0	
149	1	0	0	1	1	1	1	0	1	1	0	0	
150	1	0	0	1	1	0	0	0	0	0	1	0	
151	1	0	1	0	0	0	1	1	1	0	0	1	
152	0	1	0	0	0	1	1	1	0	0	0	1	
153	1	1	1	0	1	1	1	1	1	1	0	0	
154	1	0	0	1	0	1	1	0	0	0	1	0	
155	1	0	1	1	0	0	1	0	0	0	1	0	
156	0	0	1	0	0	1	1	0	0	0	0	0	
157	0	1	0	1	0	0	0	1	0	0	1	0	
158	0	1	1	0	1	0	1	0	0	0	0	1	
159	1	1	0	0	1	0	1	0	0	1	0	1	
160	0	0	1	0	1	0	1	1	1	0	1	1	
161	0	1	0	1	1	1	1	0	1	0	0	1	
162	1	1	1	0	0	0	0	0	1	0	0	0	
163	0	0	1	1	0	0	0	1	1	0	0	0	
164	1	1	0	1	1	1	1	1	0	1	1	1	
165	0	1	1	1	0	0	0	0	1	1	1	0	
166	1	1	1	0	1	0	1	1	1	1	0	0	
167	0	1	1	1	1	1	1	0	1	1	1	1	
168	1	1	0	0	0	0	1	0	0	0	1	0	
169	1	0	0	1	0	0	0	1	1	0	0	1	
170	1	1	1	0	1	1	1	1	1	0	1	1	
171	1	0	0	1	1	0	1	1	0	1	1	1	
172	0	1	0	0	1	0	1	0	1	1	1	0	
173	0	1	1	1	1	0	0	0	1	1	1	0	
174	1	1	1	0	1	0	1	0	1	1	0	0	
175	0	1	1	1	1	0	0	0	1	0	0	0	
176	1	1	0	1	0	1	1	0	0	1	0	1	
177	0	0	1	0	1	1	1	1	1	1	0	1	
178	0	0	1	0	1	0	0	1	0	1	0	1	
179	1	0	0	0	1	1	0	1	0	0	0	1	
180	0	1	1	0	1	0	0	1	1	0	0	0	
181	0	1	0	1	0	0	0	0	1	0	0	0	
182	0	0	1	1	0	0	0	0	0	1	1	0	
183	0	1	0	1	1	0	0	1	0	1	0	0	
184	1	1	1	0	0	1	0	1	1	0	1	1	
185	0	1	0	1	0	1	0	1	0	0	1	1	
186	0	0	0	1	0	0	1	0	1	1	1	1	
187	1	0	1	0	0	0	0	0	1	0	0	1	
188	1	0	1	0	1	0	0	1	0	0	0	0	
189	0	0	0	0	1	1	1	1	0	0	0	0	
190	1	1	0	0	1	0	0	0	0	0	0	0	
191	0	1	0	0	0	1	0	1	1	0	1	1	
192	0	1	1	1	1	0	1	1	1	0	1	1	
193	1	0	0	1	0	0	1	0	0	0	1	0	
194	0	0	0	1	1	1	1	1	0	1	0	1	
195	0	1	0	1	1	1	0	0	1	1	1	1	
196	0	1	0	1	1	1	0	0	0	1	0	1	
197	0	0	0	0	1	0	0	0	1	0	1	0	
198	1	1	1	0	0	1	0	1	0	0	1	1	
199	0	1	0	1	0	0	1	1	1	0	0	0	
200	0	0	1	1	1	0	0	1	0	1	1	1	
201	1	0	1	1	0	1	1	0	0	1	0	0	
202	1	0	0	0	0	0	0	0	0	1	0	0	
203	0	0	0	0	0	0	1	0	0	0	0	0	
204	1	0	1	0	0	1	1	0	1	1	1	1	
205	0	0	0	1	1	0	1	0	1	0	0	1	
206	0	0	0	1	1	0	1	0	0	0	0	1	
207	0	1	1	0	1	1	0	1	0	0	1	0	
208	1	0	0	0	0	0	0	0	1	0	1	0	
209	1	0	1	1	1	1	0	0	0	0	1	0	
210	0	1	1	0	1	1	0	0	1	1	0	0	
211	0	0	1	1	0	1	0	0	1	0	0	0	
212	0	1	0	0	0	0	1	0	1	1	0	0	
213	0	1	1	0	1	0	0	0	0	0	0	0	
214	0	1	0	0	0	1	1	0	1	1	1	1	
215	0	0	1	0	1	1	1	0	1	0	0	1	
216	1	1	0	0	0	0	1	1	1	1	1	1	
217	1	1	0	1	0	0	0	0	1	1	0	1	
218	1	1	0	1	0	0	0	0	1	0	0	0	
219	0	1	1	0	0	1	1	1	1	1	0	1	
220	1	0	0	0	1	1	1	0	0	0	1	0	
221	1	0	1	1	0	1	1	1	0	0	1	0	
222	1	1	0	1	0	0	1	1	0	1	0	1	
223	1	1	0	1	0	1	0	1	0	1	1	1	
224	1	1	0	0	0	0	0	1	1	1	0	1	
225	0	1	0	1	0	0	0	0	0	0	1	0	
226	0	0	0	0	0	1	1	0	1	0	1	0	
227	1	1	1	0	1	1	1	1	0	0	1	1	
228	1	1	1	0	0	0	0	0	1	0	1	1	
229	0	1	0	1	0	0	0	0	1	1	1	0	
230	0	0	0	1	1	1	1	0	1	0	0	1	
231	1	0	1	0	1	0	1	1	0	0	0	0	
232	1	1	0	1	1	0	1	1	1	1	1	1	
233	1	1	0	1	1	0	0	0	0	0	1	0	
234	1	0	1	0	0	1	0	0	1	0	0	1	
235	0	1	1	0	1	0	0	0	1	1	0	0	
236	0	1	1	1	1	0	1	1	1	0	1	1	
237	1	1	1	0	1	1	0	0	0	1	1	1	
238	1	0	1	0	1	0	1	0	0	0	1	0	
239	1	0	0	1	0	1	0	0	0	0	1	0	
240	1	0	1	1	0	1	1	1	0	1	0	0	
241	1	0	1	0	0	0	1	0	0	1	1	0	
242	1	1	1	1	1	0	1	1	0	1	0	0	
243	1	1	0	1	1	1	1	1	1	0	1	0	
244	0	1	0	1	0	0	0	0	1	0	1	0	
245	1	0	1	0	1	1	1	0	1	1	0	1	
246	1	1	1	1	1	1	0	0	0	1	1	1	
247	1	0	1	1	0	0	0	1	0	1	1	0	
248	1	0	1	0	0	1	0	1	1	0	0	1	
249	0	0	0	0	0	1	1	0	0	1	0	0	
250	1	1	0	0	1	0	0	1	1	1	0	1	
251	0	1	0	1	0	1	0	0	1	1	1	1	
252	0	1	1	1	0	1	1	1	0	1	1	1	
253	0	1	1	1	1	0	0	1	0	0	0	0	
254	0	1	0	0	0	0	0	1	1	0	0	0	
255	1	0	0	1	1	1	1	0	0	0	0	0	
256	1	0	0	1	1	0	1	0	1	1	1	0	
257	1	1	0	1	1	1	1	0	0	0	1	0	
258	0	1	0	0	0	0	0	1	0	1	1	0	
259	1	1	0	0	1	1	0	1	0	0	0	0	
260	0	0	1	0	0	1	1	1	0	0	0	0	
261	0	0	0	0	0	1	1	1	1	1	1	0	
262	1	1	1	0	0	0	1	1	0	1	1	1	
263	1	1	0	1	0	1	1	1	1	1	0	1	
264	0	1	1	0	1	1	0	0	1	1	0	0	
265	0	1	0	1	1	0	1	1	0	0	0	0	
266	0	1	1	0	0	0	1	1	0	0	1	1	
267	0	1	1	0	0	0	1	0	0	0	1	1	
268	1	0	0	1	0	0	1	0	0	0	1	0	
269	1	0	0	1	1	1	1	1	1	1	1	1	
270	0	1	1	1	1	0	0	1	1	0	0	0	
271	1	1	1	1	0	0	1	1	0	1	0	0	
272	0	1	0	0	0	0	1	0	1	1	1	0	
273	0	1	1	0	0	0	0	0	0	0	1	0	
274	1	0	0	1	0	0	1	1	0	1	1	1	
275	0	0	0	1	0	0	1	0	0	0	0	1	
276	1	1	1	1	0	1	0	0	0	0	0	0	
277	0	1	1	0	0	1	0	0	1	0	1	0	
278	0	1	0	0	0	0	1	0	0	1	1	0	
279	1	1	0	1	0	1	1	1	1	0	0	0	
280	1	1	1	1	1	1	1	0	1	1	1	1	
281	1	1	0	1	1	1	1	1	0	1	0	1	
282	0	0	1	1	0	0	0	0	1	1	0	0	
283	1	0	1	0	0	0	1	0	0	0	0	0	
284	0	1	1	0	0	1	0	1	1	1	1	0	
285	1	1	1	1	0	1	1	1	0	1	0	0	
286	1	0	0	1	1	0	1	0	1	0	1	0	
287	1	1	0	1	0	0	1	0	0	1	0	1	
288	0	0	0	0	0	1	1	1	1	0	1	0	
289	1	0	1	1	1	0	0	0	0	0	1	0	
290	1	1	0	1	0	0	1	0	0	0	1	0	
291	0	1	1	1	1	0	1	0	1	1	1	1	
292	1	1	1	0	0	1	1	1	0	0	1	1	
293	1	0	1	0	0	0	0	1	1	0	1	1	
294	0	0	1	0	1	0	1	1	0	1	0	1	
295	0	1	1	0	1	1	1	0	1	0	1	1	
296	0	1	1	1	1	1	0	1	1	0	1	0	
297	1	1	1	1	0	0	1	0	1	0	0	0	
298	0	1	0	1	1	1	0	0	1	0	1	1	
299	1	1	0	0	0	1	1	1	1	1	1	1	
300	0	0	1	0	1	0	0	1	1	0	1	1	
301	1	1	1	1	1	1	1	0	1	1	0	0	
302	0	0	0	1	1	0	0	0	1	0	0	1	
303	0	1	1	0	0	0	0	0	1	0	1	0	
304	1	1	0	1	0	1	0	0	1	1	1	1	
305	1	0	1	1	1	1	0	0	0	0	1	0	
306	1	1	0	1	1	0	0	0	1	0	0	0	
307	0	0	0	1	1	1	1	0	0	1	0	1	
308	0	1	0	0	0	0	1	0	1	1	1	0	
309	0	1	0	1	1	1	0	0	1	0	0	1	
310	1	0	0	0	1	0	1	1	0	0	1	1	
311	1	0	0	1	1	0	0	1	1	1	0	1	
312	0	0	1	1	1	0	1	1	0	0	1	1	
313	1	1	1	0	1	0	1	0	0	1	0	0	
314	0	0	1	1	0	1	1	0	0	0	1	0	
315	1	0	1	0	1	0	1	0	1	1	0	1	
316	1	1	1	1	1	0	0	1	1	1	0	0	
317	1	1	1	0	0	0	0	1	0	0	0	0	
318	1	0	1	0	0	0	1	0	0	0	0	0	
319	1	1	1	0	0	0	0	1	0	1	0	0	
320	0	1	1	1	0	0	0	0	0	1	0	0	
321	0	0	1	0	1	0	1	0	1	0	1	1	
322	0	1	1	0	0	0	1	1	0	0	0	1	
323	0	1	1	1	1	0	0	0	0	0	1	0	
324	0	0	0	1	0	0	0	1	0	0	0	1	
325	1	0	0	0	0	0	1	0	1	0	0	0	
326	1	0	0	0	1	1	0	0	1	1	1	0	
327	1	1	1	0	1	1	1	0	0	1	0	0	
328	0	1	0	1	1	0	0	0	0	1	0	0	
329	1	0	0	1	0	0	1	0	1	1	0	0	
330	1	0	0	0	0	1	0	0	0	1	0	0	
331	1	0	0	0	0	1	0	0	1	1	1	0	
332	1	0	0	0	0	1	1	1	1	1	1	1	
333	0	0	1	1	0	0	1	0	1	0	1	0	
334	1	1	0	1	0	0	1	1	0	0	0	0	
335	1	1	1	0	0	0	1	0	1	0	0	0	
336	0	0	1	0	0	0	0	1	1	0	0	0	
337	0	1	1	1	0	1	1	1	1	1	1	1	
338	1	0	1	1	0	0	1	0	1	1	0	1	
339	1	1	1	0	0	1	1	0	0	0	0	0	
340	0	0	0	0	1	0	0	0	1	1	1	0	
341	1	1	1	0	0	0	1	0	1	0	1	1	
342	1	1	1	1	1	1	1	1	1	1	1	1	
343	0	1	1	0	0	0	1	1	0	0	1	1	
344	1	0	1	0	1	1	1	0	1	1	1	1	
345	0	0	1	1	1	0	0	0	1	0	0	1	
346	0	1	1	0	0	1	1	0	1	1	1	1	
347	1	1	0	1	1	1	0	0	0	1	0	1	
348	1	1	0	1	0	0	1	0	0	0	1	0	
349	1	1	1	1	1	1	0	0	1	0	1	1	
350	1	0	1	0	1	1	1	0	1	1	0	1	
351	0	0	0	1	1	0	1	1	1	0	0	1	
352	0	1	0	0	1	0	0	1	1	1	1	0	
353	0	1	1	0	1	1	1	0	0	1	1	1	
354	1	1	1	0	1	0	1	0	1	0	1	1	
355	1	1	0	1	1	1	0	0	0	0	0	0	
356	0	0	1	1	0	1	1	0	0	1	0	0	
357	0	0	0	0	0	0	1	1	0	0	1	0	
358	0	0	0	1	1	0	1	0	0	0	0	1	
359	0	1	0	1	0	1	1	0	0	1	0	1	
360	0	0	0	1	1	0	0	1	1	1	1	1	
361	0	1	0	0	0	0	0	0	1	1	1	0	
362	0	1	1	0	0	1	0	1	1	1	1	0	
363	1	0	1	0	1	0	1	0	0	1	0	0	
364	0	1	1	0	0	1	1	1	0	0	1	1	
365	1	0	0	0	1	1	1	1	0	1	1	1	
366	1	1	0	0	1	1	0	1	1	1	1	1	
367	1	1	1	1	1	1	0	0	0	0	1	1	
368	1	1	0	0	1	0	1	1	0	1	1	1	
369	1	0	0	1	1	0	1	0	1	0	1	0	
370	0	1	0	0	1	1	0	1	0	1	1	1	
371	0	1	1	0	1	0	0	1	1	1	1	0	
372	0	0	0	1	0	0	0	0	1	1	1	1	
373	1	0	0	1	0	0	1	1	1	0	1	1	
374	1	0	0	1	0	1	1	0	1	1	1	0	
375	0	1	1	1	1	1	0	1	0	1	0	0	
376	0	0	0	1	0	1	0	1	1	1	1	1	
377	0	1	1	0	1	0	0	0	1	1	1	0	
378	1	0	0	1	0	0	0	1	0	1	0	1	
379	0	0	0	1	0	1	0	1	0	1	0	1	
380	0	0	1	1	1	0	1	0	1	0	0	1	
381	0	0	0	0	0	0	0	0	0	1	1	0	
382	0	1	0	1	0	0	1	1	0	0	0	0	
383	1	1	1	1	1	0	1	1	0	0	1	1	
384	0	1	1	1	0	0	0	1	0	0	0	0	
385	1	0	1	0	1	1	0	0	1	1	1	1	
386	0	0	0	1	0	1	1	0	0	0	1	1	
387	0	0	0	0	0	1	0	1	1	0	0	0	
388	0	1	0	1	1	1	1	1	1	0	0	1	
389	0	0	0	1	1	0	0	1	0	0	1	1	
390	1	0	0	0	1	0	1	1	0	0	0	1	
391	0	0	1	0	0	1	0	0	1	0	0	0	
392	0	1	0	0	1	1	0	1	1	1	0	1	
393	0	1	1	0	1	1	1	1	0	1	1	1	
394	0	0	0	0	0	1	0	1	1	1	0	0	
395	0	0	1	1	1	0	0	1	0	0	0	1	
396	0	1	0	1	1	1	1	0	0	0	1	1	
397	0	1	1	0	1	1	0	0	0	0	0	0	
398	1	0	1	0	1	1	1	0	1	1	1	1	
399	1	1	0	0	1	1	1	1	0	0	0	0	
400	1	0	1	1	1	0	1	1	0	0	1	0	
401	0	1	1	1	0	0	0	0	0	0	0	0	
402	1	0	0	0	1	1	0	0	1	1	1	0	
403	1	1	0	0	0	0	0	0	0	1	0	1	
404	0	1	1	0	1	1	1	0	1	1	0	1	
405	1	0	0	0	0	1	1	1	0	0	0	1	
406	0	1	0	0	1	1	1	0	0	1	1	1	
407	0	1	1	1	0	0	0	1	1	0	1	0	
408	1	1	0	1	1	1	1	1	1	0	1	0	
409	1	1	0	0	1	1	0	1	1	1	1	1	
410	0	0	0	0	1	0	1	0	0	1	1	0	
411	0	1	0	1	1	1	0	1	1	0	1	1	
412	0	1	0	0	0	1	0	1	1	1	0	1	
413	0	1	0	1	1	0	0	0	1	1	1	0	
414	0	1	0	0	1	1	0	1	0	1	1	1	
415	1	0	0	0	1	1	1	0	1	1	1	0	
416	0	0	1	0	1	1	0	1	1	1	1	1	
417	0	1	0	1	0	0	1	0	1	0	1	0	
418	0	1	0	1	1	1	1	0	1	1	0	1	
419	1	0	1	0	1	1	1	0	0	1	1	0	
420	1	1	1	1	1	1	1	0	0	1	1	1	
421	0	1	0	0	0	0	0	0	0	1	1	0	
422	1	0	1	1	0	0	0	0	0	0	0	0	
423	0	1	1	0	1	1	1	1	1	1	1	1	
424	1	0	0	0	1	0	0	0	0	1	1	0	
425	1	0	1	1	1	1	1	1	1	0	1	1	
426	1	1	1	1	1	0	1	1	0	1	0	0	
427	0	0	0	0	0	1	0	1	1	1	1	0	
428	0	1	1	0	0	1	0	0	0	1	0	0	
429	0	0	0	1	1	0	0	1	0	1	1	1	
430	0	0	0	0	1	0	1	0	1	0	1	0	
431	1	0	1	0	0	0	1	1	1	1	1	1	
432	0	1	1	1	0	0	1	0	1	1	1	1	
433	1	0	1	0	0	0	0	0	1	1	1	1	
434	0	0	0	0	1	0	0	0	1	1	1	0	
435	1	0	1	1	0	1	0	0	1	1	0	1	
436	0	1	0	1	1	1	0	1	1	0	0	1	
437	0	1	1	1	0	1	0	0	0	1	1	0	
438	1	0	0	1	1	1	0	0	1	1	0	0	
439	1	1	1	1	1	0	0	1	0	0	0	0	
440	0	1	1	1	0	0	0	1	1	0	0	0	
441	0	0	1	1	1	1	1	0	0	1	1	1	
442	1	0	1	0	0	1	1	0	0	1	1	0	
443	1	1	0	1	1	0	0	1	1	0	0	0	
444	1	1	1	1	0	1	1	1	0	1	0	0	
445	0	0	0	0	1	1	0	1	0	0	1	0	
446	0	0	0	1	0	1	0	1	0	0	1	1	
447	0	1	0	0	1	1	0	0	1	1	0	1	
448	0	1	0	1	0	0	1	1	1	1	1	0	
449	0	1	1	0	0	1	0	1	0	0	1	0	
450	0	0	0	1	0	1	1	1	0	1	0	1	
451	0	1	1	0	1	0	1	1	1	0	1	1	
452	1	1	0	0	0	0	0	0	0	0	1	0	
453	0	1	1	1	1	0	1	1	0	0	0	1	
454	1	0	0	1	1	0	1	0	1	0	0	0	
455	0	0	0	1	0	0	0	1	1	0	1	1	
456	1	0	1	1	1	1	1	1	0	0	0	0	
457	1	1	1	1	1	0	1	0	1	0	1	1	
458	1	0	1	1	0	1	1	0	1	0	1	1	
459	0	0	0	1	1	1	1	0	0	1	0	1	
460	1	0	1	0	1	1	1	1	0	1	1	0	
461	1	1	0	0	0	0	1	1	1	0	0	0	
462	1	0	0	0	0	0	1	1	1	0	0	1	
463	0	0	1	1	1	0	1	1	1	0	0	1	
464	1	0	1	1	0	1	0	0	1	0	0	1	
465	0	1	0	0	0	0	1	0	0	1	0	0	
466	1	0	1	1	0	1	1	1	1	0	0	1	
467	1	0	0	1	0	1	0	0	0	1	0	0	
468	1	0	1	0	1	0	0	0	0	0	0	0	
469	0	0	1	1	1	1	0	1	1	0	0	1	
470	0	1	1	1	0	1	0	1	1	0	1	0	
471	0	0	1	0	1	0	0	1	0	1	1	1	
472	1	0	0	0	0	0	1	1	0	1	1	1	
473	1	1	1	1	0	1	0	1	0	0	0	0	
474	0	0	0	1	0	1	0	1	1	1	1	1	
475	0	0	0	1	0	0	1	1	1	1	1	1	
476	1	1	1	0	0	1	0	1	0	1	0	0	
477	0	1	1	0	0	1	1	0	1	1	0	1	
478	1	0	1	0	1	0	0	0	1	1	1	1	
479	1	0	1	0	0	0	1	0	1	1	1	1	
480	1	0	0	1	0	1	0	0	0	0	1	0	
481	0	1	1	0	0	1	1	0	0	0	0	1	
482	0	1	0	0	1	0	1	0	0	1	0	0	
483	1	1	0	0	1	1	1	0	1	1	0	1	
484	1	1	0	1	1	0	1	1	0	1	1	1	
485	1	0	1	0	0	0	0	1	0	0	0	0	
486	1	1	0	0	1	0	1	1	1	0	1	0	
487	1	0	1	1	0	1	0	0	0	1	0	0	
488	0	0	1	1	1	0	1	1	1	0	1	1	
489	1	1	1	0	0	1	0	0	1	0	1	1	
490	0	0	0	0	0	0	0	0	0	1	0	0	
491	0	1	0	1	0	1	0	1	1	1	0	1	
492	0	0	1	0	1	0	1	0	0	0	1	1	
493	0	1	1	1	0	1	0	0	0	1	1	0	
494	0	0	0	0	1	0	0	1	1	1	1	0	
495	0	1	1	1	0	0	1	0	1	0	1	1	
496	0	1	0	0	1	0	0	1	0	0	0	0	
497	1	0	0	0	0	0	1	0	1	0	0	0	
498	1	1	0	0	1	1	0	1	1	1	0	1	
499	0	0	1	1	0	0	0	1	1	0	0	0	
500	1	1	1	0	1	0	0	1	0	1	1	1	
501	0	1	1	1	0	1	0	0	1	0	1	0	
502	0	1	1	1	0	0	0	0	1	1	1	0	
503	1	0	1	0	0	0	0	0	1	1	0	1	
504	1	1	0	0	1	1	1	0	1	1	0	1	
505	1	1	0	1	0	0	0	0	1	0	1	0	
506	0	0	0	0	1	1	0	1	1	0	1	0	
507	1	1	1	1	1	1	1	1	0	1	0	0	
508	0	1	0	0	0	1	0	0	0	1	1	1	
509	0	0	1	0	0	1	0	1	1	0	1	0	
510	0	0	0	0	1	0	0	0	1	0	0	0	
511	0	1	1	1	0	0	0	0	1	0	1	0	
512	1	1	1	0	1	0	0	1	0	0	0	0	
513	1	0	1	1	1	0	0	0	0	1	0	0	
514	1	1	1	0	1	0	1	0	0	1	0	0	
515	0	1	1	0	1	0	0	0	1	1	1	0	
516	1	0	1	0	0	1	0	0	0	1	1	0	
517	1	1	1	0	1	0	1	1	0	0	0	0	
518	0	1	0	0	0	0	1	0	1	0	0	0	
519	1	0	0	0	1	1	1	0	1	0	1	0	
520	0	0	0	1	0	1	1	1	1	1	1	1	
521	1	0	1	0	1	1	0	1	0	1	1	0	
522	0	1	1	1	0	1	0	0	1	0	1	0	
523	0	1	0	1	0	0	0	0	1	1	0	0	
524	0	1	1	0	0	0	1	0	1	1	1	1	
525	0	0	1	1	1	1	0	1	1	0	0	1	
526	1	0	1	1	1	0	1	0	1	0	1	1	
527	0	0	0	0	1	1	0	0	1	1	0	0	
528	1	1	1	1	0	0	0	0	1	1	0	0	
529	1	1	1	1	0	1	0	0	1	0	1	1	
530	0	1	0	0	1	1	1	0	0	0	1	1	
531	1	0	0	1	0	0	1	1	0	0	0	1	
532	1	0	1	0	1	1	1	1	0	1	1	0	
533	1	0	0	0	1	0	1	0	1	0	1	0	
534	0	1	0	1	0	1	1	1	0	0	1	1	
535	1	1	1	0	0	1	1	1	0	0	0	0	
536	1	0	0	1	1	1	1	0	0	0	1	0	
537	1	0	0	0	0	1	0	1	0	1	1	1	
538	1	0	0	0	0	1	0	1	1	0	1	1	
539	1	1	1	0	0	0	0	0	1	0	1	1	
540	0	0	0	1	0	1	1	1	1	1	0	1	
541	1	1	1	0	0	1	1	1	0	0	0	0	
542	1	1	1	0	1	1	1	0	0	1	1	1	
543	1	1	0	1	0	0	1	0	1	0	1	0	
544	1	1	1	1	0	0	1	1	1	1	1	1	
545	1	0	1	1	1	0	0	1	1	1	1	1	
546	1	1	0	0	0	1	0	1	1	0	0	0	
547	1	0	0	0	0	1	1	0	0	0	1	0	
548	1	0	0	1	1	1	0	1	1	1	1	1	
549	0	0	0	0	1	0	1	1	1	0	0	0	
550	0	0	1	1	0	0	0	0	1	1	0	0	
551	0	0	0	0	0	1	0	0	0	0	1	0	
552	0	0	1	1	1	1	0	0	1	1	1	1	
553	1	0	1	0	1	1	1	0	1	1	0	1	
554	1	0	0	0	0	0	0	0	0	0	0	0	
555	1	1	1	0	1	1	1	1	0	0	0	0	
556	1	0	1	0	0	0	1	0	1	0	1	1	
557	1	0	1	1	1	1	0	1	1	0	0	1	
558	1	1	0	0	1	1	0	1	0	1	0	1	
559	0	1	0	0	0	1	0	1	0	0	1	1	
560	0	1	0	1	0	0	0	1	1	1	0	0	
561	0	0	1	0	1	0	1	1	0	0	0	1	
562	1	0	0	0	0	1	0	0	0	0	0	0	
563	1	1	0	0	1	0	1	1	0	1	0	1	
564	1	0	0	1	1	1	0	1	0	0	0	1	
565	1	0	1	1	0	1	1	0	0	0	0	0	
566	0	1	1	0	1	1	0	1	0	1	0	0	
567	1	1	1	0	0	0	1	1	1	1	0	0	
568	0	0	0	1	1	1	0	1	1	0	0	1	
569	0	1	0	0	1	0	1	1	0	0	1	0	
570	0	1	1	1	0	1	1	1	1	1	0	1	
571	0	1	0	0	1	0	0	0	1	1	0	0	
572	1	0	0	0	0	1	1	1	1	0	0	1	
573	1	0	0	1	1	0	0	1	1	1	0	1	
574	0	0	0	1	1	1	0	1	1	1	1	1	
575	0	1	0	0	0	0	0	1	1	1	0	0	
576	0	1	0	1	1	0	0	1	1	1	1	0	
577	1	0	0	0	0	0	1	1	1	1	0	1	
578	1	0	0	1	1	1	1	1	0	1	0	1	
579	0	0	1	1	0	1	1	1	1	0	0	0	
580	1	0	1	0	1	0	0	1	0	1	1	0	
581	0	1	0	1	0	0	0	1	1	1	0	0	
582	1	0	0	1	1	0	1	1	1	1	1	1	
583	1	1	1	1	1	0	0	0	1	0	0	0	
584	0	0	0	0	0	0	0	1	0	0	0	0	
585	0	0	1	0	0	0	1	1	1	1	0	0	
586	0	1	1	1	1	0	0	0	1	1	0	0	
587	1	1	0	0	1	0	1	1	1	0	1	0	
588	1	1	0	1	0	1	0	0	0	1	0	1	
589	0	0	0	0	1	0	1	0	0	1	0	0	
590	0	0	1	1	0	1	0	0	1	1	1	0	
591	0	1	0	1	1	1	1	1	0	0	0	1	
592	0	0	0	1	1	0	0	1	0	0	1	1	
593	1	1	0	1	1	1	1	1	1	1	1	1	
594	0	1	1	0	1	1	0	1	0	1	1	0	
595	1	1	1	1	0	0	0	1	0	1	1	1	
596	0	0	1	0	1	0	1	0	0	1	0	1	
597	1	0	1	0	1	0	1	1	0	1	1	0	
598	1	1	0	1	0	1	1	0	1	1	1	1	
599	0	0	1	0	1	0	0	1	1	0	1	1	
600	0	1	0	1	0	1	1	1	1	0	1	1	
601	1	0	1	1	1	1	0	0	0	1	0	0	
602	1	0	1	1	1	1	1	0	1	0	0	1	
603	0	1	0	0	0	0	1	0	1	0	1	0	
604	0	1	1	1	0	0	0	1	0	0	1	0	
605	1	1	0	0	0	1	1	0	1	1	0	1	
606	1	0	1	1	0	1	0	0	0	1	1	0	
607	1	1	0	1	1	0	0	1	0	0	0	0	
608	0	1	1	1	0	1	1	1	1	1	0	1	
609	0	0	1	0	0	0	1	0	0	1	0	0	
610	0	0	0	1	1	0	1	0	0	1	0	1	
611	1	0	0	1	0	1	1	1	0	0	0	1	
612	1	1	1	0	1	0	0	1	1	0	0	0	
613	1	0	1	0	1	1	1	0	1	0	0	1	
614	1	1	0	1	1	0	0	0	1	0	1	0	
615	1	1	1	0	1	0	0	0	0	1	0	0	
616	1	1	0	1	1	0	1	1	1	1	0	1	
617	1	1	1	1	1	1	1	0	0	0	1	1	
618	0	0	1	1	1	1	1	1	1	0	1	1	
619	1	0	0	1	0	1	1	0	0	1	1	0	
620	1	1	0	0	0	1	1	1	0	1	1	1	
621	0	0	0	0	1	1	0	1	1	0	1	0	
622	0	1	1	0	1	0	1	0	1	1	1	1	
623	1	0	0	1	1	1	0	1	0	0	1	1	
624	1	1	0	0	1	0	0	0	1	1	0	1	
625	1	0	1	0	1	1	1	1	0	1	0	0	
626	0	0	0	0	0	1	0	0	1	0	0	0	
627	0	1	1	0	0	1	1	0	0	0	1	1	
628	0	1	0	0	1	1	0	1	0	1	1	1	
629	1	0	0	0	0	0	0	1	1	0	0	1	
630	1	1	0	0	1	1	0	1	1	0	1	0	
631	1	1	0	1	0	0	1	0	1	1	0	1	
632	0	1	0	0	1	1	1	0	1	1	1	1	
633	1	0	0	1	1	1	1	1	0	1	1	1	
634	1	0	1	0	1	0	0	1	0	1	0	0	
635	0	1	1	0	0	1	0	0	1	0	0	0	
636	1	1	1	0	1	0	0	0	1	1	0	0	
637	1	0	1	1	0	1	0	1	1	0	0	1	
638	1	1	1	1	1	0	0	0	1	0	0	0	
639	0	1	1	1	0	0	0	1	0	0	1	0	
640	0	0	1	1	1	0	1	0	0	1	0	1	
641	0	1	0	1	0	1	0	0	0	1	0	1	
642	1	1	0	1	0	1	0	1	0	0	0	0	
643	0	0	0	1	0	0	0	1	1	1	1	1	
644	0	1	1	0	1	1	1	0	0	1	1	1	
645	1	1	0	0	1	0	0	0	1	0	1	0	
646	1	0	0	0	0	1	1	0	0	1	1	0	
647	1	1	0	0	1	0	1	1	0	0	0	0	
648	1	1	1	1	0	0	1	0	0	0	1	1	
649	1	1	1	0	0	1	1	1	1	1	0	0	
650	1	0	1	1	0	0	1	0	0	1	1	0	
651	1	1	0	0	1	1	1	0	1	1	0	1	
652	1	1	0	0	1	1	1	1	1	1	0	1	
653	0	1	0	1	1	1	0	0	0	1	0	1	
654	0	1	0	1	1	1	0	1	1	0	0	1	
655	1	0	0	0	0	1	1	0	0	1	0	0	
656	0	1	0	0	0	1	0	0	1	0	0	1	
657	0	1	0	0	0	1	0	1	1	1	0	1	
658	1	1	0	0	0	1	1	1	0	1	1	1	
659	0	1	0	1	1	0	1	1	0	0	1	0	
660	1	1	1	0	0	1	1	1	0	1	0	0	
661	1	0	0	1	0	0	0	0	1	1	1	0	
662	1	0	0	0	0	1	0	1	0	0	1	1	
663	0	1	0	1	0	1	0	1	1	1	0	1	
664	1	0	1	0	1	0	1	1	1	0	0	1	
665	1	1	1	0	0	0	1	1	1	1	1	1	
666	0	1	1	0	1	0	1	1	0	1	0	1	
667	1	1	1	0	0	0	1	0	0	0	0	0	
668	0	1	0	0	1	0	0	0	0	0	0	0	
669	0	0	1	1	0	1	1	0	0	0	1	0	
670	0	1	1	0	1	0	1	1	1	0	0	1	
671	0	1	0	1	0	0	1	1	0	1	1	0	
672	0	0	1	0	0	1	0	0	1	1	1	0	
673	0	0	0	0	0	1	0	0	1	1	0	0	
674	1	1	0	1	0	1	1	1	1	0	0	0	
675	0	1	1	0	1	0	1	1	1	1	1	1	
676	1	1	1	0	0	0	0	1	0	1	0	0	
677	1	1	1	0	1	0	1	0	0	1	1	1	
678	0	0	1	1	1	0	0	0	1	1	0	1	
679	0	0	1	0	1	0	0	1	0	1	1	1	
680	1	0	1	1	0	0	0	1	0	1	1	0	
681	1	0	0	0	0	1	0	1	0	0	0	1	
682	0	1	1	1	0	1	0	1	0	0	1	0	
683	0	0	0	1	0	0	1	0	1	1	1	1	
684	0	1	0	1	0	1	0	0	1	1	0	1	
685	0	0	0	1	0	0	0	1	1	1	1	1	
686	0	1	0	1	1	0	0	0	1	0	0	0	
687	1	1	1	1	1	1	0	0	0	0	1	1	
688	0	1	0	1	0	0	1	1	1	0	0	0	
689	0	0	1	0	0	1	0	0	0	0	0	0	
690	1	1	1	1	1	0	0	1	1	0	0	0	
691	0	1	0	0	1	1	1	0	1	0	0	1	
692	0	0	1	1	1	0	1	0	0	1	0	1	
693	1	1	0	0	1	1	1	1	0	0	1	0	
694	1	1	1	1	1	1	1	1	1	0	1	1	
695	1	1	0	0	0	0	0	0	1	0	1	0	
696	1	1	1	0	0	1	1	1	0	0	1	1	
697	1	1	1	0	1	0	1	0	0	1	1	1	
698	0	0	0	1	0	1	0	0	1	0	0	1	
699	1	0	0	0	0	1	1	1	0	0	0	1	
